+------------------------------------------------------------------------------------------------------------------------------------------------------------------------------------------------------------------------------------------------------------------------------------------------------------+
; Legal Partition Candidates                                                                                                                                                                                                                                                                                 ;
+-------------------------------------------------------------------------------------------------------+-------+----------------+--------------+----------------+--------+-----------------+---------------+-----------------+-------+----------------+--------------+------------------+-------------------+
; Hierarchy                                                                                             ; Input ; Constant Input ; Unused Input ; Floating Input ; Output ; Constant Output ; Unused Output ; Floating Output ; Bidir ; Constant Bidir ; Unused Bidir ; Input only Bidir ; Output only Bidir ;
+-------------------------------------------------------------------------------------------------------+-------+----------------+--------------+----------------+--------+-----------------+---------------+-----------------+-------+----------------+--------------+------------------+-------------------+
; u_hex_to_SSD_Intel                                                                                    ; 5     ; 1              ; 0            ; 1              ; 8      ; 1               ; 1             ; 1               ; 0     ; 0              ; 0            ; 0                ; 0                 ;
; u_salsa_fsm                                                                                           ; 44    ; 0              ; 0            ; 0              ; 57     ; 0               ; 0             ; 0               ; 0     ; 0              ; 0            ; 0                ; 0                 ;
; u_salsa_uart_tx                                                                                       ; 11    ; 0              ; 0            ; 0              ; 2      ; 0               ; 0             ; 0               ; 0     ; 0              ; 0            ; 0                ; 0                 ;
; u_salsa_rx                                                                                            ; 3     ; 0              ; 0            ; 0              ; 9      ; 0               ; 0             ; 0               ; 0     ; 0              ; 0            ; 0                ; 0                 ;
; u_salsa_xor_regs                                                                                      ; 1027  ; 0              ; 0            ; 0              ; 513    ; 0               ; 0             ; 0               ; 0     ; 0              ; 0            ; 0                ; 0                 ;
; u_salsa_registers                                                                                     ; 1072  ; 0              ; 0            ; 0              ; 935    ; 0               ; 0             ; 0               ; 0     ; 0              ; 0            ; 0                ; 0                 ;
; u_salsa_hash_interative_wrapper|u_hash_interative_with_d_r_c|u_d_r_c_round_interative|u_quarter_round ; 128   ; 0              ; 0            ; 0              ; 128    ; 0               ; 0             ; 0               ; 0     ; 0              ; 0            ; 0                ; 0                 ;
; u_salsa_hash_interative_wrapper|u_hash_interative_with_d_r_c|u_d_r_c_round_interative                 ; 515   ; 0              ; 0            ; 0              ; 513    ; 0               ; 0             ; 0               ; 0     ; 0              ; 0            ; 0                ; 0                 ;
; u_salsa_hash_interative_wrapper|u_hash_interative_with_d_r_c                                          ; 517   ; 0              ; 0            ; 0              ; 513    ; 0               ; 0             ; 0               ; 0     ; 0              ; 0            ; 0                ; 0                 ;
; u_salsa_hash_interative_wrapper|u_constant_select                                                     ; 1     ; 126            ; 0            ; 126            ; 128    ; 126             ; 126           ; 126             ; 0     ; 0              ; 0            ; 0                ; 0                 ;
; u_salsa_hash_interative_wrapper                                                                       ; 390   ; 0              ; 0            ; 0              ; 513    ; 0               ; 0             ; 0               ; 0     ; 0              ; 0            ; 0                ; 0                 ;
+-------------------------------------------------------------------------------------------------------+-------+----------------+--------------+----------------+--------+-----------------+---------------+-----------------+-------+----------------+--------------+------------------+-------------------+
